38.868875371112615 -480.68740975673563 28.30899043507026
38.47830723652284 -480.9995900384605 28.308927623886255
38.08773910193306 -481.31177032018536 28.30886481270225
37.69717096734328 -481.6239506019102 28.308802001518245
37.306602832753505 -481.9361308836351 28.30873919033424
36.91603469816373 -482.24831116535995 28.308676379150235
36.516557772588634 -482.549005314414 28.309778494277197
36.11708084701354 -482.849699463468 28.31088060940416
35.717603921438446 -483.15039361252207 28.31198272453112
35.31812699586335 -483.4510877615761 28.31308483965808
34.91865007028826 -483.75178191063014 28.314186954785043
34.519173144713164 -484.0524760596842 28.315289069912005
34.11969621913807 -484.3531702087382 28.316391185038967
33.71738182568144 -484.65004742105646 28.313736072277422
33.315067432224815 -484.9469246333747 28.311080959515877
32.91275303876819 -485.24380184569293 28.308425846754332
32.51043864531156 -485.54067905801116 28.305770733992787
32.10812425185493 -485.8375562703294 28.303115621231242
31.705809858398304 -486.13443348264764 28.300460508469698
31.29931466741062 -486.42557200060656 28.300612378715424
30.892819476422936 -486.7167105185655 28.30076424896115
30.486324285435252 -487.0078490365244 28.300916119206878
30.079829094447568 -487.29898755448335 28.301067989452605
29.673333903459884 -487.5901260724423 28.30121985969833
29.589355843083467 -487.65027253562585 28.30125123465416
29.589355843083467 -487.65027253562585 28.30125123465416
29.175123170503078 -487.9302927001621 28.301230740792043
28.760890497922688 -488.2103128646984 28.301210246929926
28.346657825342298 -488.49033302923465 28.30118975306781
27.93242515276191 -488.7703531937709 28.301169259205693
27.513974427092307 -489.04402999131185 28.301143291114915
27.095523701422707 -489.3177067888528 28.301117323024137
26.677072975753106 -489.5913835863937 28.30109135493336
26.258622250083505 -489.86506038393463 28.30106538684258
25.840171524413904 -490.13873718147556 28.301039418751802
25.41801324096115 -490.40665940291603 28.301298205567587
24.9958549575084 -490.6745816243565 28.30155699238337
24.573696674055647 -490.942503845797 28.301815779199156
24.151538390602894 -491.21042606723745 28.30207456601494
23.722620168518755 -491.46738698036125 28.30257245231617
23.293701946434616 -491.72434789348506 28.3030703386174
22.864783724350477 -491.98130880660887 28.303568224918628
22.43586550226634 -492.23826971973267 28.304066111219857
22.0069472801822 -492.4952306328565 28.304563997521086
21.57802905809806 -492.7521915459803 28.305061883822315
21.144514476511578 -493.0013159244335 28.306528721295024
20.710999894925095 -493.2504403028868 28.307995558767733
20.277485313338612 -493.49956468134 28.30946239624044
19.84397073175213 -493.74868905979326 28.31092923371315
19.410456150165647 -493.9978134382465 28.31239607118586
18.976941568579164 -494.24693781669976 28.313862908658567
18.54342698699268 -494.496062195153 28.315329746131276
18.104905927771206 -494.73626362509486 28.316927767771343
17.66638486854973 -494.9764650550367 28.31852578941141
17.227863809328255 -495.2166664849786 28.320123811051477
16.78934275010678 -495.45686791492045 28.321721832691544
16.350821690885304 -495.6970693448623 28.32331985433161
15.91230063166383 -495.9372707748042 28.32491787597168
15.473779572442357 -496.17747220474604 28.326515897611745
15.033180942583831 -496.4138450622702 28.327364185681358
14.592582312725305 -496.65021791979433 28.32821247375097
14.15198368286678 -496.8865907773185 28.329060761820582
13.711385053008254 -497.1229636348426 28.329909049890194
13.270786423149728 -497.35933649236677 28.330757337959806
12.830187793291202 -497.5957093498909 28.33160562602942
12.389589163432676 -497.83208220741506 28.33245391409903
11.949404110338762 -498.0692235570384 28.333502404214766
11.509219057244847 -498.30636490666177 28.3345508943305
11.069034004150932 -498.5435062562851 28.335599384446237
10.628848951057018 -498.7806476059085 28.336647874561972
10.188663897963103 -499.01778895553184 28.337696364677708
9.748478844869188 -499.2549303051552 28.338744854793443
9.308293791775274 -499.49207165477856 28.33979334490918
8.867895365164621 -499.72881650468344 28.34084305076139
8.427496938553968 -499.9655613545883 28.3418927566136
7.987098511943316 -500.2023062044932 28.34294246246581
7.546700085332663 -500.4390510543981 28.34399216831802
7.1063016587220105 -500.67579590430296 28.34504187417023
6.665903232111358 -500.91254075420784 28.346091580022442
6.225504805500705 -501.1492856041127 28.347141285874653
5.784399601341603 -501.3847027285947 28.349372062512753
5.3432943971825 -501.62011985307663 28.351602839150853
4.902189193023398 -501.8555369775586 28.353833615788954
4.461083988864296 -502.09095410204054 28.356064392427054
4.019978784705193 -502.3263712265225 28.358295169065155
3.578873580546091 -502.56178835100445 28.360525945703255
3.1377683763869886 -502.7972054754864 28.362756722341356
2.6982637249120276 -503.0355896634287 28.36569615612268
2.2587590734370666 -503.273973851371 28.368635589904006
1.8192544219621056 -503.5123580393133 28.37157502368533
1.3797497704871446 -503.7507422272556 28.374514457466656
0.9402451190121838 -503.9891264151979 28.37745389124798
0.5007404675372229 -504.2275106031402 28.380393325029306
0.06200848986387619 -504.46731783294086 28.38299030445979
-0.3767234878094705 -504.7071250627415 28.38558728389027
-0.8154554654828172 -504.94693229254216 28.388184263320753
-1.254187443156164 -505.1867395223428 28.390781242751235
-1.6929194208295106 -505.42654675214345 28.393378222181717
-2.131651398502857 -505.6663539819441 28.3959752016122
-2.5703833761762036 -505.90616121174475 28.39857218104268
-3.0099833610843167 -506.1443753532915 28.40099623466264
-3.44958334599243 -506.3825894948382 28.403420288282597
-3.889183330900543 -506.62080363638495 28.405844341902554
-4.328783315808656 -506.8590177779317 28.408268395522512
-4.76838330071677 -507.0972319194784 28.41069244914247
-5.207983285624883 -507.33544606102515 28.413116502762428
-5.64799448473366 -507.57289615950555 28.41587247636801
-6.088005683842437 -507.81034625798594 28.41862844997359
-6.5280168829512135 -508.04779635646634 28.42138442357917
-6.96802808205999 -508.28524645494673 28.42414039718475
-7.408039281168767 -508.5226965534271 28.42689637079033
-7.848050480277544 -508.7601466519075 28.42965234439591
-8.287561114674437 -508.9985321849574 28.431307604064354
-8.72707174907133 -509.2369177180073 28.432962863732797
-9.166582383468223 -509.4753032510572 28.43461812340124
-9.606093017865115 -509.7136887841071 28.436273383069683
-10.045603652262008 -509.952074317157 28.437928642738125
-10.4851142866589 -510.1904598502069 28.439583902406568
-10.925098899163691 -510.42797081384157 28.44102713222773
-11.365083511668482 -510.66548177747626 28.442470362048894
-11.805068124173273 -510.90299274111095 28.443913591870057
-12.245052736678064 -511.14050370474564 28.44535682169122
-12.685037349182855 -511.37801466838033 28.446800051512383
-13.125021961687645 -511.615525632015 28.448243281333546
-13.563862375641763 -511.85514839859525 28.44838756240781
-14.002702789595881 -512.0947711651754 28.448531843482073
-14.44154320355 -512.3343939317556 28.448676124556336
-14.880383617504117 -512.5740166983358 28.4488204056306
-15.319224031458235 -512.8136394649159 28.448964686704862
-15.758064445412353 -513.0532622314961 28.449108967779125
-16.197678732452793 -513.2914622231804 28.44890259057113
-16.637293019493235 -513.5296622148646 28.448696213363135
-17.076907306533677 -513.7678622065489 28.44848983615514
-17.51652159357412 -514.0060621982332 28.448283458947145
-17.95613588061456 -514.2442621899174 28.44807708173915
-18.396492904503262 -514.4810861762477 28.44837876124158
-18.836849928391963 -514.7179101625779 28.448680440744013
-19.277206952280665 -514.9547341489082 28.448982120246445
-19.717563976169366 -515.1915581352384 28.449283799748876
-20.157921000058067 -515.4283821215687 28.449585479251308
-20.59827802394677 -515.6652061078989 28.44988715875374
-21.03898872717531 -515.9013706134729 28.449252834847012
-21.479699430403855 -516.1375351190468 28.448618510940285
-21.920410133632398 -516.3736996246207 28.44798418703356
-22.36112083686094 -516.6098641301946 28.44734986312683
-22.804098941793246 -516.8417471725555 28.446541645300137
-23.24707704672555 -517.0736302149164 28.445733427473442
-23.690055151657855 -517.3055132572773 28.444925209646748
-24.13303325659016 -517.5373962996382 28.444116991820053
-24.57291875058314 -517.7750932328319 28.44315776042348
-25.012804244576117 -518.0127901660255 28.44219852902691
-25.452689738569095 -518.2504870992192 28.44123929763034
-25.892575232562073 -518.4881840324128 28.44028006623377
-26.332460726555052 -518.7258809656065 28.439320834837197
-26.771687619222718 -518.964793374528 28.43854777542104
-27.21091451189038 -519.2037057834494 28.43777471600488
-27.650141404558042 -519.4426181923709 28.437001656588723
-28.089368297225704 -519.6815306012924 28.436228597172565
-28.528595189893366 -519.9204430102138 28.435455537756408
-28.970429633828854 -520.1544992335391 28.435363478574807
-29.41226407776434 -520.3885554568644 28.435271419393207
-29.85409852169983 -520.6226116801897 28.435179360211606
-30.295932965635316 -520.856667903515 28.435087301030006
-30.737767409570804 -521.0907241268403 28.434995241848405
-31.17928447762496 -521.3253783947616 28.434764670460208
-31.620801545679118 -521.5600326626829 28.43453409907201
-32.062318613733275 -521.7946869306043 28.434303527683813
-32.50383568178743 -522.0293411985256 28.434072956295616
-32.94535274984158 -522.2639954664469 28.433842384907418
-33.38726967084768 -522.4978957933768 28.433574074264854
-33.82918659185378 -522.7317961203066 28.43330576362229
-34.271103512859874 -522.9656964472365 28.433037452979725
-34.71302043386597 -523.1995967741664 28.43276914233716
-35.15493735487207 -523.4334971010962 28.432500831694597
-35.592820329328646 -523.6748648402871 28.432161480928787
-36.030703303785224 -523.916232579478 28.431822130162978
-36.4685862782418 -524.1576003186689 28.431482779397168
-36.90646925269838 -524.3989680578597 28.43114342863136
-37.34435222715496 -524.6403357970506 28.43080407786555
-37.78463842557268 -524.8772903982966 28.430042217495643
-38.224924623990404 -525.1142449995426 28.429280357125737
-38.66521082240813 -525.3511996007886 28.42851849675583
-39.10549702082585 -525.5881542020346 28.427756636385926
-39.545783219243575 -525.8251088032806 28.42699477601602
-39.9860694176613 -526.0620634045266 28.426232915646114
-40.42749023070592 -526.2968945875174 28.424825326873638
-40.86891104375054 -526.5317257705082 28.42341773810116
-41.310331856795166 -526.7665569534989 28.422010149328685
-41.75175266983979 -527.0013881364897 28.42060256055621
-42.1914223978822 -527.2394856747309 28.42029837871802
-42.63109212592461 -527.477583212972 28.41999419687983
-43.07076185396702 -527.7156807512132 28.419690015041642
-43.51043158200943 -527.9537782894544 28.419385833203453
-43.95010131005184 -528.1918758276955 28.419081651365264
-44.38977103809425 -528.4299733659367 28.418777469527075
-44.82944076613666 -528.6680709041779 28.418473287688887
-45.271679824996845 -528.9013600155146 28.419370700746477
-45.713918883857026 -529.1346491268513 28.420268113804067
-46.15615794271721 -529.367938238188 28.421165526861657
-46.59839700157739 -529.6012273495247 28.422062939919247
-47.04063606043757 -529.8345164608614 28.422960352976837
-47.48268357566241 -530.068169841522 28.423263650510954
-47.924731090887256 -530.3018232221826 28.42356694804507
-48.3667786061121 -530.5354766028432 28.423870245579188
-48.80882612133694 -530.7691299835038 28.424173543113305
-49.250873636561785 -531.0027833641644 28.424476840647422
-49.69112318547876 -531.239807275329 28.424491491682755
-50.13137273439573 -531.4768311864935 28.424506142718087
-50.571622283312706 -531.7138550976581 28.42452079375342
-51.01187183222968 -531.9508790088227 28.424535444788752
-51.452121381146654 -532.1879029199872 28.424550095824085
-51.89244373424305 -532.424790258271 28.42533388439061
-52.33276608733945 -532.6616775965547 28.426117672957137
-52.77308844043585 -532.8985649348384 28.426901461523663
-53.21341079353225 -533.1354522731222 28.42768525009019
-53.653277435539515 -533.3731836145043 28.428756031982147
-54.09314407754678 -533.6109149558865 28.429826813874104
-54.53301071955405 -533.8486462972687 28.430897595766062
-54.972877361561316 -534.0863776386509 28.43196837765802
-55.412744003568584 -534.3241089800331 28.433039159549978
-55.854949542355314 -534.5574619792089 28.43383868563606
-56.297155081142044 -534.7908149783848 28.434638211722145
-56.739360619928775 -535.0241679775606 28.43543773780823
-57.181566158715505 -535.2575209767365 28.436237263894313
-57.623771697502235 -535.4908739759123 28.437036789980397
-58.0652906779248 -535.7255247566375 28.437004670197094
-58.506809658347365 -535.9601755373626 28.436972550413792
-58.94832863876993 -536.1948263180877 28.43694043063049
-59.389847619192494 -536.4294770988129 28.436908310847187
-59.83136659961506 -536.664127879538 28.436876191063885
-60.274634998444995 -536.8954568171087 28.436654287583874
-60.71790339727493 -537.1267857546793 28.436432384103863
-61.16117179610487 -537.35811469225 28.436210480623853
-61.60141252791448 -537.5951549605508 28.436114253607613
-62.0416532597241 -537.8321952288516 28.436018026591373
-62.48189399153372 -538.0692354971524 28.435921799575134
-62.92213472334333 -538.3062757654532 28.435825572558894
-63.36237545515295 -538.543316033754 28.435729345542654
-63.80261618696257 -538.7803563020548 28.435633118526415
-64.24399196602837 -539.0152763281266 28.435687931635183
-64.68536774509418 -539.2501963541984 28.43574274474395
-65.12674352415999 -539.4851163802701 28.43579755785272
-65.5681193032258 -539.7200364063419 28.435852370961488
-66.00949508229161 -539.9549564324137 28.435907184070256
-66.45087086135742 -540.1898764584855 28.435961997179025
-66.89227245702465 -540.4247478348678 28.436222570964553
-67.33367405269188 -540.6596192112502 28.43648314475008
-67.7750756483591 -540.8944905876325 28.43674371853561
-68.21647724402634 -541.1293619640148 28.437004292321138
-68.65787883969357 -541.3642333403972 28.437264866106666
-69.10066950085118 -541.5964754174333 28.437484058941155
-69.5434601620088 -541.8287174944695 28.437703251775645
-69.98625082316642 -542.0609595715057 28.437922444610134
-70.42904148432403 -542.2932016485419 28.438141637444623
-70.87117493008319 -542.5266895071727 28.436943299788563
-71.31330837584235 -542.7601773658035 28.435744962132503
-71.75544182160152 -542.9936652244344 28.434546624476443
-72.19757526736069 -543.2271530830652 28.433348286820383
-72.64123018156916 -543.4577337959096 28.431659511275548
-73.08488509577762 -543.6883145087539 28.429970735730713
-73.52854000998609 -543.9188952215983 28.428281960185878
-73.97668677698637 -544.1406256676332 28.42857269777649
-74.42483354398665 -544.3623561136682 28.428863435367106
-74.86074459552765 -544.5780326710083 28.429146234972457
-74.86074459552765 -544.5780326710083 28.429146234972457
-75.31637149964291 -544.7839488220628 28.430778099304415
-75.77356975383441 -544.9863506893146 28.432578237428707
-76.23347214871406 -545.1825359856422 28.4336349724098
-76.6933745435937 -545.3787212819698 28.43469170739089
-77.15439251735621 -545.5722720419794 28.435420519848044
-77.61541049111872 -545.7658228019891 28.4361493323052
-78.07642846488123 -545.9593735619987 28.436878144762353
-78.54114889744686 -546.1438570211373 28.437757269494135
-79.00586933001249 -546.3283404802758 28.438636394225917
-79.47397407634756 -546.504057973873 28.43978046697009
-79.94207882268263 -546.6797754674703 28.440924539714267
-80.4140011683904 -546.8449688946299 28.44158123213771
-80.88592351409817 -547.0101623217895 28.442237924561155
-81.35938293077062 -547.1708985424608 28.44245730657087
-81.83284234744308 -547.3316347631321 28.442676688580583
